2e-06 0.0002 0.002
2e-06 0.0002 0.002
2e-06 0.0002 0.002
2e-06 0.0002 0.002
2e-06 0.0002 0.002
2e-06 0.0002 0.002
2e-06 0.0002 0.002
2e-06 0.0002 0.002
2e-06 0.0002 0.002
2e-06 0.0002 0.002
2e-06 0.0002 0.002
2e-06 0.0002 0.002
2e-06 0.0002 0.002
2e-06 0.0002 0.002
2e-06 0.0002 0.002
2e-06 0.0002 0.002
2e-06 0.0002 0.002
2e-06 0.0002 0.002
2e-06 0.0002 0.002
2e-06 0.0002 0.002
2e-06 0.0002 0.002
2e-06 0.0002 0.002
2e-06 0.0002 0.002
2e-06 0.0002 0.002
2e-06 0.0002 0.002
2e-06 0.0002 0.002
2e-06 0.0002 0.002
0.0002 0.0002 0.002
0.0002 0.0002 0.002
0.0002 0.0002 0.002
0.0002 0.0002 0.002
0.0002 0.0002 0.002
0.0002 0.0002 0.002
0.0002 0.0002 0.002
0.0002 0.0002 0.002
0.0002 0.0002 0.002
0.0002 0.0002 0.002
0.0002 0.0002 0.002
0.0002 0.0002 0.002
0.0002 0.0002 0.002
0.0002 0.0002 0.002
0.0002 0.0002 0.002
0.0002 0.0002 0.002
0.0002 0.0002 0.002
0.0002 0.0002 0.002
0.0002 0.0002 0.002
0.0002 0.0002 0.002
0.0002 0.0002 0.002
0.0002 0.0002 0.002
0.0002 0.0002 0.002
0.0002 0.0002 0.002
0.0002 0.0002 0.002
0.0002 0.0002 0.002
0.0002 0.0002 0.002
0.0002 0.0002 0.002
0.0002 0.0002 0.002
0.0002 0.0002 0.002
0.0002 0.0002 0.002
0.0002 0.0002 0.002
0.0002 0.0002 0.002
0.0002 0.0002 0.002
0.0002 0.0002 0.002
0.0002 0.0002 0.002
0.0002 0.0002 0.002
0.0002 0.0002 0.002
0.0002 0.0002 0.002
0.0002 0.0002 0.002
0.0002 0.0002 0.002
0.0002 0.0002 0.002
0.0002 0.0002 0.002
0.0002 0.0002 0.002
0.0002 0.0002 0.002
0.0002 0.0002 0.002
0.0002 0.0002 0.002
0.0002 0.0002 0.002
0.0002 0.0002 0.002
0.0002 0.0002 0.002
0.0002 0.0002 0.002
